32678163872
32524598900
32197726514
31915906088
31647059092
31587549474
31588169015
31387926915
31348530957
31307572593
31318278806
31314519460
31311758502
31308078479
31306046343
31316574249
31306799187
31305329434
31316731164
31311606389
31313591898
31306954872
31306649005
31315754339
31311914903
31311914902
31311297044
31306799186
31310986640
31313895958
31315449377
31318278805
31305329433
31310831219
31306649003
31308539505
31316731160
31312503898
31316884840
31313436696
31305021075
31316264332
31318278804
31308693151
31307764656
31306799185
31311297043
31306649002
31307572591
31317197587
31305329432
31317964807
31311297041
31310831218
31319052393
31317038177
31318433898
31315292585
31306799184
31315605136
31318745163
31311141045
31314052401
31313280334
31317197586
31308384352
31308229144
31310677075
31310986639
31308539504
31317350459
31315605135
31307764655
31312224877
31309902906
31308693150
31315292584
31317038176
31313591897
31307264338
31311758499
31314983607
31312503897
31311606387
31317816214
31316731159
31313280333
31316419236
31307920057
31305329431
31318122271
31314519457
31308849760
31308229143
31307264339
31307114044
31306799183
31314983606
31318897529
31309746350
31317038175
31312224876
31309464893
31318278803
31308693149
31310831216
31305329430
31311141044
31315138573
31316110699
31319052392
31306649001
31311914901
31314362792
31306954867
31314519456
31318897528
31316884837
31313280332
31305329429
31318586022
31317504951
31314210160
31306799182
31306649000
31317350458
31312503894
31307920056
31313122217
31318433897
31316419235
31316110698
31313591896
31308693148
31306046340
31319052391
31318745162
31305021073
31308229142
31315292583
31317504950
31309001612
31308229141
31313436695
31310210963
31315449375
31316574246
31315138572
31316574245
31313895956
31305329428
31315952175
31317816213
31310515126
31318278802
31318122269
31316264331
31307572589
31314519455
31310831215
31309464892
31312224874
31315952174
31316731158
31315952173
31315605134
31319052390
31316574244
31308078475
31316574243
31318433896
31318586021
31319052389
31306954866
31313591895
31307764654
31318897527
31305172906
31314362791
31312224873
31307114043
31312503893
31317197585
31312068274
31307423616
31311758498
31311606386
31316574242
31317197584
31318586020
31310986637
31314052400
31314362790
31313280331
31309156876
31306046339
31317197583
31316110697
31309313062
31315449374
31317350457
31316110696
31318897526
31318897524
31316110695
31305485134
31313280330
31317197582
31309902905
31308078474
31312068273
31313280329
31309746349
31318433895
31316574241
31316419234
31306046338
31316574240
31313436694
31317964805
31310831214
31316731157
31315449373
31311297039
31310210962
31318433894
31310986636
31306648999
31315952172
31315292581
31310058115
31315952171
31315952170
31317350456
31306490290
31308229140
31307572588
31318433893
31314519454
31305485133
31317657412
31309001611
31306490289
31307920054
31312969833
31316110693
31310986635
31314210159
31308693147
31311758495
31313122113
31306456113
31306921368
31311570762
31319018153
31311881533
31318088967
31317469855
31309122723
31319018152
31317469851
31314948005
31313400751
31306921365
31311570758
31313555485
31307229482
31318710663
31312625749
31314948004
31308041783
31315103750
31313400749
31317623346
31310177387
31316539743
31316539742
31306765924
31308348842
31306456110
31306267215
31317434733
31314913857
31310762316
31312900707
31314139466
31287525966
31302932285
31300827707
31300874393
31298479535
31004815125
30996787094
30943831198
30937833634
30936055972
30943277892
30946228641
30950609235
30937063826
30605261902
30594131274
30479989411
30478890898
30480051298
30480026767
30459497488
30479983942
30471643801
30478915147
30469836971
30478921823
30479825741
30479978048
30464684145
30477658224
30466873718
30469017117
30459334691
30459497485
30479960393
30471480186
30465613482
30459334689
30480026765
30479996019
30465237912
30468021075
30480002391
30469674064
30470228392
30464684143
30471643795
30469674060
30478868498
30468694711
30473242553
30478874439
30479167630
30479402803
30469017111
30478868497
30453394574
30471643793
30478851376
30478874437
30479167629
30475835713
30469365762
30471972507
30469365761
30470725725
30469365760
30470725724
30478890891
30464684142
30478934063
30479983935
30469991255
30468694710
30479989405
30479983933
30480002388
30480014201
30473869230
30479960391
30475835712
30479731379
30469674058
30480008324
30478839125
30468021069
30472136886
30475835711
30473242548
30473716917
30459334686
30468851980
30478909717
30467715483
30476022381
30451769602
30468851979
30479955113
30452705062
30471643790
30478868494
30478897050
30473869229
30479167628
30476531382
30480020611
30478879022
30478915141
30467715478
30469365685
30480002382
30480002381
30479983918
30451614390
30478934060
30477898295
30464529427
30463695462
30469365683
30464529425
30478915140
30471972499
30470725716
30477658208
30478857079
30479983911
30468021059
30474802966
30474802965
30479825718
30478874421
30480051106
30472136867
30452705040
30479996004
30466674737
30480008305
30471972490
30479731361
30479966300
30479960379
30480008303
30477658197
30479941987
30478868402
30479972931
30473869215
30478927534
30480032603
30479971735
30479912496
30475128474
30473976737
30467971131
30454700699
30475971602
30443717436
30476822619
30441117970
30476656902
30477803039
30466624354
30476290441
30476859515
30477764243
30473350801
30466624353
30477531012
30467971130
30453342882
30477778796
30469314841
30454700697
30473661802
30473192327
30476481338
30475282089
30475971598
30471427892
30477589761
30477778795
30477847941
30464633486
30476859513
30443403571
30438160009
30471588670
30463645585
30475128472
30443403570
30459285915
30477764240
30476845404
30473816444
30477778794
30465561763
30473661801
30473816442
30459285913
30443717433
30469941267
30458754744
30469786625
30475971597
30476667816
30476667815
30476854418
30476663202
30459285912
30476653577
30475437687
30476854417
30476845403
30463645583
30453342878
30476656900
30476646978
30453342877
30477798258
30469314840
30477778793
30453342876
30476845402
30477323318
30475971596
30439342981
30442233101
30469941266
30463645582
30477584989
30442233100
30472083815
30477531011
30470178826
30475437686
30475593003
30475282086
30471588669
30475971595
30471588668
30471588667
30443870755
30477793539
30476481336
30477787985
30474752797
30473816438
30476663201
30468645549
30477778792
30473816436
30469786624
30477589689
30475593002
30451565910
30473350794
30465181700
30477803035
30459285911
30477764235
30471919881
30467662946
30476646977
30443403567
30476481334
30463645580
30476822598
30472392796
30461433211
30477798255
30469314839
30475437684
30476653576
30467662945
30474752796
30467971128
30476829981
30476646975
30443403566
30477787983
30475783821
30477168695
30477323316
30470674340
30469314838
30475971594
30474436001
30466624348
30470178821
30477521010
30454700694
30474752795
30477168694
30475128470
30453342874
30477783062
30443717431
30476822597
30439342980
30451718916
30452653852
30477772662
30477764233
30443717430
30476667813
30477787982
30477531009
30475282085
30451565908
30465561761
30472392795
30471588665
30465561760
30445208997
30458754743
30476849935
30459285908
30465181698
30476834708
30477798254
30442233098
30469786551
30477772661
30476822596
30465181697
30472392794
30469786550
30477589687
30475783820
30453342873
30477807511
30469314837
30476845398
30466823758
30476854414
30476646974
30477168692
30477611144
30476849934
30473350791
30466823757
30473976735
30477793536
30475128469
30467662944
30468800786
30451718915
30466823756
30459285907
30466823755
30451718914
30477768192
30458754742
30473816435
30443717428
30465561759
30472083812
30471588663
30465561758
30477589686
30445208996
30465181696
30476854413
30476822594
30477168691
30477521009
30477168690
30463645578
30477611143
30477772660
30470674338
30476826680
30477521008
30438160008
30476845397
30476845396
30475592999
30442233097
30476826679
30476646973
30476481333
30477764232
30476854412
30471919880
30477793465
30473816434
30476663200
30476646972
30476481332
30467662943
30477847936
30441117964
30476841305
30477531007
30470674336
30477807510
30439342978
30466823754
30476667812
30476826678
30469786548
30452653850
30475282084
30469314836
30466624346
30469786547
30464633483
30452653849
30465181625
30476829979
30476841304
30466823753
30472392793
30466823752
30452653848
30438160007
30472392792
30473816432
30441117963
30473661796
30468965644
30441117962
30477798252
30476646971
30466823751
30438330219
30464478870
30441117961
30465561757
30476136505
30477531006
30466624345
30476845395
30459285905
30471588661
30476826676
30477589685
30472083811
30477589684
30452653847
30477807509
30476481331
30443403564
30466823750
30473192321
30443717425
30476845394
30475783819
30473976733
30476826675
30469786546
30445208994
30471919879
30471919878
30445208993
30472083810
30476663198
30477531005
30477764231
30464633481
30477521007
30476481330
30465181623
30452653846
30470178745
30477531004
30453342872
30476646969
30475128467
30476633514
30477798251
30443403563
30477793464
30477793463
30476829978
30476822593
30476136504
30475437683
30477768121
30468645546
30477531003
30474435999
30466624344
30476481329
30445208992
30476859512
30469786545
30445208991
30463645576
30473816431
30469314835
30469941261
30476854411
30476667810
30471919877
30466823749
30442233096
30477803030
30477772658
30468800785
30467971126
30476849932
30438160006
30476653571
30477783060
30473661795
30477847935
30477807507
30461433209
30465561756
30476822592
30476646968
30468965643
30473816430
30477793462
30475592998
30476822591
30477787976
30477589683
30474752791
30473976732
30477168689
30463645575
30471427846
30476656899
30477793461
30471919875
30473192318
30476822590
30454700693
30469314834
30458754740
30466823747
30477589682
30476667809
30476854410
30473976730
30447597935
30213965459
30202731925
30169153634
30152080990
30161981325
30170313273
30167958594
30171024796
30170952237